1.960784313725490169e-02 1.882352941176470562e-01 3.803921568627450789e-01 1.000000000000000000e+00
2.391387927720107706e-02 1.965397923875432662e-01 3.919261822376008952e-01 1.000000000000000000e+00
2.821991541714725243e-02 2.048442906574394484e-01 4.034602076124567671e-01 1.000000000000000000e+00
3.252595155709343128e-02 2.131487889273356306e-01 4.149942329873125835e-01 1.000000000000000000e+00
3.683198769703960318e-02 2.214532871972318406e-01 4.265282583621683998e-01 1.000000000000000000e+00
4.113802383698578202e-02 2.297577854671280506e-01 4.380622837370242162e-01 1.000000000000000000e+00
4.544405997693196086e-02 2.380622837370242328e-01 4.495963091118800881e-01 1.000000000000000000e+00
4.975009611687813971e-02 2.463667820069204428e-01 4.611303344867359044e-01 1.000000000000000000e+00
5.405613225682431161e-02 2.546712802768166251e-01 4.726643598615917208e-01 1.000000000000000000e+00
5.836216839677048351e-02 2.629757785467128350e-01 4.841983852364475371e-01 1.000000000000000000e+00
6.266820453671666236e-02 2.712802768166090450e-01 4.957324106113033535e-01 1.000000000000000000e+00
6.697424067666284120e-02 2.795847750865052550e-01 5.072664359861591699e-01 1.000000000000000000e+00
7.128027681660900616e-02 2.878892733564014095e-01 5.188004613610150972e-01 1.000000000000000000e+00
7.558631295655519888e-02 2.961937716262976195e-01 5.303344867358709136e-01 1.000000000000000000e+00
7.989234909650136385e-02 3.044982698961938294e-01 5.418685121107267300e-01 1.000000000000000000e+00
8.419838523644754269e-02 3.128027681660899839e-01 5.534025374855825463e-01 1.000000000000000000e+00
8.850442137639372153e-02 3.211072664359861939e-01 5.649365628604383627e-01 1.000000000000000000e+00
9.281045751633990037e-02 3.294117647058824039e-01 5.764705882352941790e-01 1.000000000000000000e+00
9.711649365628606534e-02 3.377162629757786139e-01 5.880046136101499954e-01 1.000000000000000000e+00
1.014225297962322581e-01 3.460207612456748238e-01 5.995386389850059228e-01 1.000000000000000000e+00
1.057285659361784230e-01 3.543252595155710338e-01 6.110726643598616281e-01 1.000000000000000000e+00
1.100346020761246019e-01 3.626297577854671883e-01 6.226066897347175555e-01 1.000000000000000000e+00
1.143406382160707807e-01 3.709342560553633983e-01 6.341407151095733719e-01 1.000000000000000000e+00
1.186466743560169596e-01 3.792387543252595528e-01 6.456747404844291882e-01 1.000000000000000000e+00
1.229527104959631245e-01 3.875432525951557627e-01 6.572087658592850046e-01 1.000000000000000000e+00
1.272587466359093034e-01 3.958477508650519727e-01 6.687427912341408209e-01 1.000000000000000000e+00
1.320261437908497315e-01 4.034602076124568226e-01 6.762783544790466062e-01 1.000000000000000000e+00
1.372549019607843535e-01 4.103806228373703124e-01 6.798154555940023602e-01 1.000000000000000000e+00
1.424836601307190032e-01 4.173010380622838023e-01 6.833525567089581143e-01 1.000000000000000000e+00
1.477124183006536529e-01 4.242214532871972921e-01 6.868896578239139794e-01 1.000000000000000000e+00
1.529411764705883026e-01 4.311418685121107819e-01 6.904267589388697335e-01 1.000000000000000000e+00
1.581699346405229245e-01 4.380622837370242717e-01 6.939638600538254876e-01 1.000000000000000000e+00
1.633986928104575742e-01 4.449826989619377615e-01 6.975009611687812416e-01 1.000000000000000000e+00
1.686274509803921684e-01 4.519031141868512513e-01 7.010380622837369957e-01 1.000000000000000000e+00
1.738562091503268459e-01 4.588235294117647411e-01 7.045751633986928608e-01 1.000000000000000000e+00
1.790849673202614956e-01 4.657439446366782865e-01 7.081122645136486149e-01 1.000000000000000000e+00
1.843137254901961453e-01 4.726643598615917208e-01 7.116493656286044800e-01 1.000000000000000000e+00
1.895424836601307395e-01 4.795847750865052106e-01 7.151864667435601230e-01 1.000000000000000000e+00
1.947712418300654447e-01 4.865051903114187559e-01 7.187235678585159881e-01 1.000000000000000000e+00
2.000000000000000666e-01 4.934256055363322457e-01 7.222606689734717422e-01 1.000000000000000000e+00
2.052287581699346886e-01 5.003460207612457911e-01 7.257977700884276073e-01 1.000000000000000000e+00
2.104575163398693105e-01 5.072664359861591699e-01 7.293348712033833614e-01 1.000000000000000000e+00
2.156862745098039880e-01 5.141868512110727707e-01 7.328719723183391155e-01 1.000000000000000000e+00
2.209150326797386377e-01 5.211072664359861495e-01 7.364090734332948696e-01 1.000000000000000000e+00
2.261437908496732874e-01 5.280276816608997503e-01 7.399461745482507347e-01 1.000000000000000000e+00
2.313725490196078816e-01 5.349480968858131291e-01 7.434832756632064887e-01 1.000000000000000000e+00
2.366013071895425590e-01 5.418685121107267300e-01 7.470203767781622428e-01 1.000000000000000000e+00
2.418300653594772087e-01 5.487889273356402198e-01 7.505574778931179969e-01 1.000000000000000000e+00
2.470588235294118307e-01 5.557093425605537096e-01 7.540945790080738620e-01 1.000000000000000000e+00
2.522875816993464526e-01 5.626297577854670884e-01 7.576316801230296161e-01 1.000000000000000000e+00
2.575163398692811301e-01 5.695501730103806892e-01 7.611687812379853701e-01 1.000000000000000000e+00
2.627450980392158630e-01 5.764705882352941790e-01 7.647058823529412352e-01 1.000000000000000000e+00
2.748942714340639748e-01 5.841599384851980936e-01 7.688581314878892847e-01 1.000000000000000000e+00
2.870434448289120311e-01 5.918492887351018972e-01 7.730103806228373342e-01 1.000000000000000000e+00
2.991926182237602538e-01 5.995386389850058118e-01 7.771626297577854947e-01 1.000000000000000000e+00
3.113417916186084211e-01 6.072279892349097263e-01 7.813148788927335442e-01 1.000000000000000000e+00
3.234909650134565329e-01 6.149173394848136409e-01 7.854671280276817047e-01 1.000000000000000000e+00
3.356401384083045891e-01 6.226066897347174445e-01 7.896193771626297542e-01 1.000000000000000000e+00
3.477893118031528119e-01 6.302960399846213591e-01 7.937716262975779147e-01 1.000000000000000000e+00
3.599384851980009237e-01 6.379853902345252736e-01 7.979238754325259642e-01 1.000000000000000000e+00
3.720876585928490909e-01 6.456747404844291882e-01 8.020761245674741247e-01 1.000000000000000000e+00
3.842368319876970917e-01 6.533640907343329918e-01 8.062283737024221741e-01 1.000000000000000000e+00
3.963860053825453145e-01 6.610534409842369064e-01 8.103806228373702236e-01 1.000000000000000000e+00
4.085351787773934817e-01 6.687427912341408209e-01 8.145328719723183841e-01 1.000000000000000000e+00
4.206843521722415935e-01 6.764321414840447355e-01 8.186851211072664336e-01 1.000000000000000000e+00
4.328335255670897608e-01 6.841214917339486501e-01 8.228373702422145941e-01 1.000000000000000000e+00
4.449826989619377060e-01 6.918108419838523426e-01 8.269896193771626436e-01 1.000000000000000000e+00
4.571318723567859843e-01 6.995001922337563682e-01 8.311418685121108041e-01 1.000000000000000000e+00
4.692810457516340961e-01 7.071895424836602828e-01 8.352941176470588536e-01 1.000000000000000000e+00
4.814302191464823188e-01 7.148788927335640864e-01 8.394463667820070141e-01 1.000000000000000000e+00
4.935793925413304306e-01 7.225682429834680010e-01 8.435986159169550636e-01 1.000000000000000000e+00
5.057285659361785424e-01 7.302575932333719155e-01 8.477508650519032241e-01 1.000000000000000000e+00
5.178777393310266541e-01 7.379469434832757191e-01 8.519031141868512735e-01 1.000000000000000000e+00
5.300269127258747659e-01 7.456362937331797447e-01 8.560553633217993230e-01 1.000000000000000000e+00
5.421760861207227666e-01 7.533256439830834372e-01 8.602076124567473725e-01 1.000000000000000000e+00
5.543252595155709894e-01 7.610149942329874628e-01 8.643598615916955330e-01 1.000000000000000000e+00
5.664744329104192122e-01 7.687043444828913774e-01 8.685121107266436935e-01 1.000000000000000000e+00
5.773933102652827332e-01 7.750096116878124608e-01 8.719723183391003829e-01 1.000000000000000000e+00
5.870818915801615523e-01 7.799307958477509350e-01 8.747404844290658232e-01 1.000000000000000000e+00
5.967704728950404824e-01 7.848519800076894093e-01 8.775086505190311525e-01 1.000000000000000000e+00
6.064590542099194126e-01 7.897731641676279946e-01 8.802768166089965929e-01 1.000000000000000000e+00
6.161476355247982317e-01 7.946943483275664688e-01 8.830449826989620332e-01 1.000000000000000000e+00
6.258362168396770508e-01 7.996155324875048320e-01 8.858131487889273625e-01 1.000000000000000000e+00
6.355247981545560920e-01 8.045367166474434173e-01 8.885813148788928029e-01 1.000000000000000000e+00
6.452133794694350222e-01 8.094579008073818915e-01 8.913494809688582432e-01 1.000000000000000000e+00
6.549019607843138413e-01 8.143790849673203658e-01 8.941176470588235725e-01 1.000000000000000000e+00
6.645905420991927715e-01 8.193002691272588400e-01 8.968858131487890128e-01 1.000000000000000000e+00
6.742791234140717016e-01 8.242214532871973143e-01 8.996539792387543422e-01 1.000000000000000000e+00
6.839677047289505207e-01 8.291426374471357885e-01 9.024221453287197825e-01 1.000000000000000000e+00
6.936562860438294509e-01 8.340638216070743738e-01 9.051903114186852228e-01 1.000000000000000000e+00
7.033448673587082700e-01 8.389850057670127370e-01 9.079584775086505521e-01 1.000000000000000000e+00
7.130334486735872002e-01 8.439061899269513223e-01 9.107266435986159925e-01 1.000000000000000000e+00
7.227220299884662413e-01 8.488273740868897965e-01 9.134948096885813218e-01 1.000000000000000000e+00
7.324106113033450605e-01 8.537485582468282708e-01 9.162629757785467621e-01 1.000000000000000000e+00
7.420991926182239906e-01 8.586697424067667450e-01 9.190311418685122025e-01 1.000000000000000000e+00
7.517877739331029208e-01 8.635909265667052193e-01 9.217993079584775318e-01 1.000000000000000000e+00
7.614763552479817399e-01 8.685121107266438045e-01 9.245674740484429721e-01 1.000000000000000000e+00
7.711649365628606700e-01 8.734332948865822788e-01 9.273356401384084124e-01 1.000000000000000000e+00
7.808535178777393782e-01 8.783544790465206420e-01 9.301038062283737418e-01 1.000000000000000000e+00
7.905420991926184193e-01 8.832756632064592273e-01 9.328719723183391821e-01 1.000000000000000000e+00
8.002306805074973495e-01 8.881968473663977015e-01 9.356401384083046224e-01 1.000000000000000000e+00
8.099192618223762796e-01 8.931180315263361758e-01 9.384083044982699517e-01 1.000000000000000000e+00
8.196078431372549877e-01 8.980392156862746500e-01 9.411764705882352811e-01 1.000000000000000000e+00
8.254517493271820161e-01 9.008073817762399793e-01 9.422529796232218535e-01 1.000000000000000000e+00
8.312956555171089335e-01 9.035755478662054196e-01 9.433294886582084260e-01 1.000000000000000000e+00
8.371395617070358508e-01 9.063437139561707490e-01 9.444059976931948874e-01 1.000000000000000000e+00
8.429834678969627682e-01 9.091118800461361893e-01 9.454825067281814599e-01 1.000000000000000000e+00
8.488273740868897965e-01 9.118800461361016296e-01 9.465590157631680324e-01 1.000000000000000000e+00
8.546712802768167139e-01 9.146482122260669589e-01 9.476355247981546048e-01 1.000000000000000000e+00
8.605151864667436312e-01 9.174163783160323993e-01 9.487120338331410663e-01 1.000000000000000000e+00
8.663590926566706596e-01 9.201845444059977286e-01 9.497885428681276387e-01 1.000000000000000000e+00
8.722029988465975769e-01 9.229527104959631689e-01 9.508650519031142112e-01 1.000000000000000000e+00
8.780469050365244943e-01 9.257208765859286093e-01 9.519415609381007837e-01 1.000000000000000000e+00
8.838908112264514116e-01 9.284890426758939386e-01 9.530180699730872451e-01 1.000000000000000000e+00
8.897347174163783290e-01 9.312572087658592679e-01 9.540945790080738176e-01 1.000000000000000000e+00
8.955786236063053574e-01 9.340253748558247082e-01 9.551710880430603900e-01 1.000000000000000000e+00
9.014225297962322747e-01 9.367935409457901486e-01 9.562475970780469625e-01 1.000000000000000000e+00
9.072664359861591921e-01 9.395617070357554779e-01 9.573241061130334240e-01 1.000000000000000000e+00
9.131103421760862204e-01 9.423298731257209182e-01 9.584006151480199964e-01 1.000000000000000000e+00
9.189542483660131378e-01 9.450980392156863585e-01 9.594771241830065689e-01 1.000000000000000000e+00
9.247981545559400551e-01 9.478662053056516879e-01 9.605536332179931414e-01 1.000000000000000000e+00
9.306420607458669725e-01 9.506343713956171282e-01 9.616301422529796028e-01 1.000000000000000000e+00
9.364859669357938898e-01 9.534025374855824575e-01 9.627066512879661753e-01 1.000000000000000000e+00
9.423298731257209182e-01 9.561707035755478978e-01 9.637831603229527477e-01 1.000000000000000000e+00
9.481737793156478356e-01 9.589388696655132271e-01 9.648596693579392092e-01 1.000000000000000000e+00
9.540176855055748639e-01 9.617070357554786675e-01 9.659361783929257816e-01 1.000000000000000000e+00
9.598615916955017813e-01 9.644752018454441078e-01 9.670126874279123541e-01 1.000000000000000000e+00
9.657054978854286986e-01 9.672433679354094371e-01 9.680891964628989266e-01 1.000000000000000000e+00
9.690888119953864344e-01 9.664744329104191234e-01 9.649365628604382739e-01 1.000000000000000000e+00
9.700115340253748775e-01 9.621683967704729445e-01 9.575547866205306180e-01 1.000000000000000000e+00
9.709342560553633206e-01 9.578623606305267657e-01 9.501730103806228511e-01 1.000000000000000000e+00
9.718569780853517637e-01 9.535563244905805869e-01 9.427912341407150842e-01 1.000000000000000000e+00
9.727797001153402068e-01 9.492502883506345190e-01 9.354094579008076504e-01 1.000000000000000000e+00
9.737024221453287609e-01 9.449442522106882292e-01 9.280276816608996615e-01 1.000000000000000000e+00
9.746251441753172040e-01 9.406382160707420503e-01 9.206459054209918946e-01 1.000000000000000000e+00
9.755478662053056471e-01 9.363321799307958715e-01 9.132641291810842388e-01 1.000000000000000000e+00
9.764705882352940902e-01 9.320261437908496926e-01 9.058823529411764719e-01 1.000000000000000000e+00
9.773933102652826443e-01 9.277201076509035138e-01 8.985005767012687050e-01 1.000000000000000000e+00
9.783160322952710874e-01 9.234140715109573350e-01 8.911188004613610492e-01 1.000000000000000000e+00
9.792387543252595306e-01 9.191080353710111561e-01 8.837370242214532823e-01 1.000000000000000000e+00
9.801614763552479737e-01 9.148019992310649773e-01 8.763552479815455154e-01 1.000000000000000000e+00
9.810841983852364168e-01 9.104959630911187984e-01 8.689734717416378595e-01 1.000000000000000000e+00
9.820069204152249709e-01 9.061899269511726196e-01 8.615916955017300927e-01 1.000000000000000000e+00
9.829296424452134140e-01 9.018838908112264408e-01 8.542099192618224368e-01 1.000000000000000000e+00
9.838523644752018571e-01 8.975778546712802619e-01 8.468281430219146699e-01 1.000000000000000000e+00
9.847750865051903002e-01 8.932718185313340831e-01 8.394463667820069031e-01 1.000000000000000000e+00
9.856978085351788543e-01 8.889657823913879042e-01 8.320645905420991362e-01 1.000000000000000000e+00
9.866205305651672974e-01 8.846597462514417254e-01 8.246828143021914803e-01 1.000000000000000000e+00
9.875432525951557405e-01 8.803537101114956576e-01 8.173010380622839355e-01 1.000000000000000000e+00
9.884659746251441836e-01 8.760476739715493677e-01 8.099192618223760576e-01 1.000000000000000000e+00
9.893886966551326267e-01 8.717416378316031889e-01 8.025374855824682907e-01 1.000000000000000000e+00
9.903114186851211809e-01 8.674356016916570100e-01 7.951557093425605238e-01 1.000000000000000000e+00
9.912341407151096240e-01 8.631295655517108312e-01 7.877739331026527569e-01 1.000000000000000000e+00
9.921568627450980671e-01 8.588235294117646523e-01 7.803921568627451011e-01 1.000000000000000000e+00
9.907727797001153469e-01 8.505190311418684423e-01 7.697808535178777278e-01 1.000000000000000000e+00
9.893886966551326267e-01 8.422145328719722324e-01 7.591695501730103546e-01 1.000000000000000000e+00
9.880046136101500176e-01 8.339100346020761334e-01 7.485582468281429813e-01 1.000000000000000000e+00
9.866205305651672974e-01 8.256055363321799234e-01 7.379469434832757191e-01 1.000000000000000000e+00
9.852364475201845773e-01 8.173010380622837134e-01 7.273356401384083458e-01 1.000000000000000000e+00
9.838523644752018571e-01 8.089965397923875035e-01 7.167243367935409726e-01 1.000000000000000000e+00
9.824682814302191369e-01 8.006920415224912935e-01 7.061130334486735993e-01 1.000000000000000000e+00
9.810841983852365278e-01 7.923875432525950835e-01 6.955017301038062261e-01 1.000000000000000000e+00
9.797001153402538076e-01 7.840830449826989845e-01 6.848904267589388528e-01 1.000000000000000000e+00
9.783160322952710874e-01 7.757785467128027745e-01 6.742791234140714796e-01 1.000000000000000000e+00
9.769319492502883673e-01 7.674740484429067866e-01 6.636678200692044394e-01 1.000000000000000000e+00
9.755478662053056471e-01 7.591695501730103546e-01 6.530565167243367330e-01 1.000000000000000000e+00
9.741637831603230380e-01 7.508650519031141446e-01 6.424452133794693598e-01 1.000000000000000000e+00
9.727797001153403178e-01 7.425605536332179346e-01 6.318339100346019865e-01 1.000000000000000000e+00
9.713956170703575976e-01 7.342560553633218356e-01 6.212226066897347243e-01 1.000000000000000000e+00
9.700115340253748775e-01 7.259515570934256257e-01 6.106113033448673511e-01 1.000000000000000000e+00
9.686274509803921573e-01 7.176470588235294157e-01 5.999999999999999778e-01 1.000000000000000000e+00
9.672433679354095482e-01 7.093425605536332057e-01 5.893886966551326045e-01 1.000000000000000000e+00
9.658592848904268280e-01 7.010380622837369957e-01 5.787773933102652313e-01 1.000000000000000000e+00
9.644752018454441078e-01 6.927335640138407857e-01 5.681660899653979691e-01 1.000000000000000000e+00
9.630911188004613877e-01 6.844290657439446868e-01 5.575547866205305958e-01 1.000000000000000000e+00
9.617070357554786675e-01 6.761245674740484768e-01 5.469434832756632225e-01 1.000000000000000000e+00
9.603229527104959473e-01 6.678200692041522668e-01 5.363321799307958493e-01 1.000000000000000000e+00
9.589388696655133382e-01 6.595155709342560568e-01 5.257208765859284760e-01 1.000000000000000000e+00
9.575547866205306180e-01 6.512110726643598468e-01 5.151095732410611028e-01 1.000000000000000000e+00
9.545559400230680946e-01 6.417531718569781107e-01 5.057285659361783203e-01 1.000000000000000000e+00
9.499423298731258791e-01 6.311418685121110705e-01 4.975778546712804618e-01 1.000000000000000000e+00
9.453287197231834416e-01 6.205305651672433642e-01 4.894271434063821036e-01 1.000000000000000000e+00
9.407151095732411150e-01 6.099192618223759910e-01 4.812764321414840230e-01 1.000000000000000000e+00
9.361014994232987885e-01 5.993079584775087287e-01 4.731257208765858868e-01 1.000000000000000000e+00
9.314878892733564619e-01 5.886966551326413555e-01 4.649750096116878062e-01 1.000000000000000000e+00
9.268742791234141354e-01 5.780853517877739822e-01 4.568242983467896701e-01 1.000000000000000000e+00
9.222606689734718088e-01 5.674740484429066090e-01 4.486735870818915339e-01 1.000000000000000000e+00
9.176470588235294823e-01 5.568627450980392357e-01 4.405228758169934533e-01 1.000000000000000000e+00
9.130334486735871558e-01 5.462514417531718625e-01 4.323721645520953172e-01 1.000000000000000000e+00
9.084198385236448292e-01 5.356401384083044892e-01 4.242214532871971810e-01 1.000000000000000000e+00
9.038062283737025027e-01 5.250288350634371159e-01 4.160707420222991004e-01 1.000000000000000000e+00
8.991926182237601761e-01 5.144175317185697427e-01 4.079200307574009643e-01 1.000000000000000000e+00
8.945790080738177386e-01 5.038062283737023694e-01 3.997693194925028282e-01 1.000000000000000000e+00
8.899653979238755230e-01 4.931949250288351072e-01 3.916186082276047475e-01 1.000000000000000000e+00
8.853517877739331965e-01 4.825836216839677340e-01 3.834678969627066669e-01 1.000000000000000000e+00
8.807381776239907589e-01 4.719723183391003607e-01 3.753171856978084753e-01 1.000000000000000000e+00
8.761245674740485434e-01 4.613610149942333205e-01 3.671664744329106167e-01 1.000000000000000000e+00
8.715109573241061058e-01 4.507497116493656142e-01 3.590157631680123140e-01 1.000000000000000000e+00
8.668973471741637793e-01 4.401384083044982964e-01 3.508650519031141779e-01 1.000000000000000000e+00
8.622837370242214527e-01 4.295271049596308677e-01 3.427143406382160418e-01 1.000000000000000000e+00
8.576701268742791262e-01 4.189158016147635499e-01 3.345636293733179611e-01 1.000000000000000000e+00
8.530565167243367997e-01 4.083044982698962322e-01 3.264129181084198250e-01 1.000000000000000000e+00
8.484429065743944731e-01 3.976931949250288589e-01 3.182622068435216889e-01 1.000000000000000000e+00
8.438292964244521466e-01 3.870818915801614857e-01 3.101114955786236083e-01 1.000000000000000000e+00
8.392156862745098200e-01 3.764705882352941124e-01 3.019607843137254721e-01 1.000000000000000000e+00
8.336793540945790504e-01 3.653979238754325176e-01 2.967320261437908502e-01 1.000000000000000000e+00
8.281430219146481697e-01 3.543252595155709228e-01 2.915032679738561727e-01 1.000000000000000000e+00
8.226066897347174001e-01 3.432525951557093280e-01 2.862745098039215508e-01 1.000000000000000000e+00
8.170703575547866304e-01 3.321799307958477332e-01 2.810457516339869288e-01 1.000000000000000000e+00
8.115340253748558608e-01 3.211072664359861384e-01 2.758169934640522514e-01 1.000000000000000000e+00
8.059976931949250911e-01 3.100346020761245436e-01 2.705882352941176294e-01 1.000000000000000000e+00
8.004613610149942104e-01 2.989619377162629488e-01 2.653594771241830075e-01 1.000000000000000000e+00
7.949250288350635518e-01 2.878892733564016870e-01 2.601307189542484966e-01 1.000000000000000000e+00
7.893886966551326712e-01 2.768166089965398147e-01 2.549019607843137081e-01 1.000000000000000000e+00
7.838523644752017905e-01 2.657439446366781644e-01 2.496732026143790861e-01 1.000000000000000000e+00
7.783160322952710208e-01 2.546712802768166251e-01 2.444444444444444364e-01 1.000000000000000000e+00
7.727797001153402512e-01 2.435986159169550025e-01 2.392156862745097867e-01 1.000000000000000000e+00
7.672433679354094815e-01 2.325259515570934354e-01 2.339869281045751648e-01 1.000000000000000000e+00
7.617070357554786009e-01 2.214532871972318129e-01 2.287581699346405151e-01 1.000000000000000000e+00
7.561707035755478312e-01 2.103806228373702458e-01 2.235294117647058654e-01 1.000000000000000000e+00
7.506343713956170616e-01 1.993079584775086510e-01 2.183006535947712434e-01 1.000000000000000000e+00
7.450980392156862919e-01 1.882352941176470562e-01 2.130718954248366215e-01 1.000000000000000000e+00
7.395617070357554113e-01 1.771626297577854614e-01 2.078431372549019440e-01 1.000000000000000000e+00
7.340253748558246416e-01 1.660899653979238666e-01 2.026143790849673221e-01 1.000000000000000000e+00
7.284890426758938720e-01 1.550173010380622718e-01 1.973856209150327001e-01 1.000000000000000000e+00
7.229527104959631023e-01 1.439446366782007047e-01 1.921568627450980504e-01 1.000000000000000000e+00
7.174163783160322216e-01 1.328719723183390822e-01 1.869281045751634007e-01 1.000000000000000000e+00
7.118800461361014520e-01 1.217993079584774874e-01 1.816993464052287788e-01 1.000000000000000000e+00
7.063437139561707934e-01 1.107266435986162256e-01 1.764705882352942679e-01 1.000000000000000000e+00
7.008073817762399127e-01 9.965397923875435326e-02 1.712418300653595071e-01 1.000000000000000000e+00
6.922722029988465087e-01 9.227220299884660026e-02 1.677047289504036975e-01 1.000000000000000000e+00
6.807381776239906923e-01 8.858131487889273070e-02 1.658592848904267836e-01 1.000000000000000000e+00
6.692041522491348760e-01 8.489042675893887502e-02 1.640138408304498419e-01 1.000000000000000000e+00
6.576701268742790596e-01 8.119953863898500546e-02 1.621683967704729001e-01 1.000000000000000000e+00
6.461361014994232432e-01 7.750865051903113589e-02 1.603229527104959584e-01 1.000000000000000000e+00
6.346020761245674269e-01 7.381776239907728021e-02 1.584775086505190445e-01 1.000000000000000000e+00
6.230680507497116105e-01 7.012687427912341065e-02 1.566320645905421027e-01 1.000000000000000000e+00
6.115340253748557942e-01 6.643598615916954109e-02 1.547866205305651888e-01 1.000000000000000000e+00
5.999999999999999778e-01 6.274509803921568540e-02 1.529411764705882470e-01 1.000000000000000000e+00
5.884659746251441614e-01 5.905420991926182278e-02 1.510957324106113053e-01 1.000000000000000000e+00
5.769319492502883451e-01 5.536332179930796016e-02 1.492502883506343636e-01 1.000000000000000000e+00
5.653979238754325287e-01 5.167243367935409060e-02 1.474048442906574496e-01 1.000000000000000000e+00
5.538638985005767124e-01 4.798154555940023491e-02 1.455594002306805079e-01 1.000000000000000000e+00
5.423298731257208960e-01 4.429065743944636535e-02 1.437139561707035940e-01 1.000000000000000000e+00
5.307958477508654127e-01 4.059976931949260681e-02 1.418685121107267078e-01 1.000000000000000000e+00
5.192618223760092633e-01 3.690888119953864011e-02 1.400230680507497105e-01 1.000000000000000000e+00
5.077277970011533359e-01 3.321799307958477054e-02 1.381776239907727688e-01 1.000000000000000000e+00
4.961937716262975751e-01 2.952710495963091486e-02 1.363321799307958548e-01 1.000000000000000000e+00
4.846597462514417587e-01 2.583621683967704530e-02 1.344867358708189131e-01 1.000000000000000000e+00
4.731257208765859423e-01 2.214532871972318961e-02 1.326412918108419992e-01 1.000000000000000000e+00
4.615916955017300705e-01 1.845444059976932005e-02 1.307958477508650574e-01 1.000000000000000000e+00
4.500576701268742541e-01 1.476355247981545049e-02 1.289504036908881157e-01 1.000000000000000000e+00
4.385236447520184377e-01 1.107266435986159481e-02 1.271049596309111740e-01 1.000000000000000000e+00
4.269896193771626769e-01 7.381776239907739123e-03 1.252595155709342600e-01 1.000000000000000000e+00
4.154555940023068050e-01 3.690888119953855684e-03 1.234140715109573183e-01 1.000000000000000000e+00
4.039215686274509887e-01 0.000000000000000000e+00 1.215686274509803905e-01 1.000000000000000000e+00
